68fbf6f03790a8e39cb461ac249179a0,c#,0.530602158
e77a1195f472a18da1a47437d1c77f34,c#,0.500789904
f12ef93ac72b6a1bcdbb308a5699f302,c#,0.040144652
28cb0c30b886b1dfac677331824412ab,c#,0.02386117
694bab4fc882195b813c534cf1abddc2,c#,0.036881019
324edc85605f701cbf92a4398439f7ac,c#,0.839961837
3ff3ac4c2311de8e02bcfb7b2f537c58,c#,0.157379037
cfe130ceae79864b71883bbd7434a0a8,c#,0.408408357
1c9d02301317ff1d5cbf9502f05ae010,c#,0.954968937
5041d668dffcc29e6808244db85f0c9a,c#,0.591679545
660a4c01525ad5dc2f7734cba9bdf8c4,c#,0.412565618
c210c941e28072049232aaf35f147417,c#,0.378686909
7bbb1294f781113816b7a5ece21100b2,c#,0.38493136
586d96af8ce3cba47473cd783083edd4,c#,0.753577651
fbd29326424c035d02d1f9073c663d40,c#,0.159359831
031a9f4809e1a6c392ec4167ab6aec39,c#,0.588065326
977839aba5e64d620fe4c2982eae539f,c#,0.993148588
a0ee57e061e17376da5068fb28ce4fa0,c#,0.469747483
f0bc7b4e2aaf8e71bc399668cf1a74f6,c#,0.18395866
1f4bb4f8acb417843f91e69ea7c0f26d,c#,0.999284836
8eb401c164078388e92f3c65d617101a,c#,0.941571803
7688bbde851c8d66d443d7d50ad7d474,c#,0.430944599
6c5a1f6ac9b7a51c007781bb5a9e5ce5,c#,0.45298617
5bc714a8aee0522241037a25f49e628d,c#,0.438140793
53f8b3e82fd0f42041e139bdb372a6d7,c#,0.273252502
cedb9bc1f120321649cb32650875dfd2,c#,0.08670156
e4653c81fc09cb22a6e0533db9fded79,c#,0.84973581
b70fe683cab47d75987fd1d6774b9bce,c#,0.133769364
84e33b5d1d79a117c35fd290a59611c3,c#,0.687131558
2ee6cd62d2b9181d919f04784df1561a,c#,0.341594291
05f3b3d9ad9ecf48c47f9176c9c2dac3,c#,0.949910629
cdc1a063ef64140297a204238631f88c,c#,0.732287663
ddca70c17d1a9d9d6e19287b4d6fc167,c#,0.836658919
8ed6c071480e767036ef8c9c33aea49b,c#,0.507801658
52beb1cf21b41fab492a66ff45341d97,c#,0.449842356
d99f6c2c4e4dc7d9d50331e0be49508d,c#,0.36349171
babd279071d664f7f568796771d6a5aa,c#,0.662668109
cd26855ef56b2e592c1b7a8a6dfd3561,c#,0.355370554
0166a51ac87384a32c13eab9c542f9e7,c#,0.29340731
ced9eed952641ab857e8429dc5876d00,c#,0.731613799
f1d6c87528b060dec72c719af74c0e12,c#,0.453974862
e333fcea147a1e7f34f0f5220267e8d6,c#,0.523767696
7fd7ce4ffa36015fbf51f1d9411c6f34,c#,0.882296512
ef0c8ab6321387c3aeb2b39bb33707e8,c#,0.898970089
189cade0149dcc4338fb0ee9dd913c71,c#,0.778996603
25db21614d4f8841918eb473e9532c39,c#,0.722844254
84b192a00d5ab94747f93b1029216121,c#,0.548178721
d556c0d0e96790c6ab1802e195429e3b,c#,0.720600127
bb87bc1c5c0b56599bf371d65c317408,c#,0.385897789
6d508f1863a252af932e63748d2a33f7,c#,0.038573841
bb89c555a6d86ca32d8b4486ad9bae03,c#,0.468093418
233eefc46d69e5a8f92a22e2e4134586,c#,0.055882206
be5b36509115a0cac1c9f60deda98c34,c#,0.139592668
3d7d058962ce493fe21070717e6e7c7c,c#,0.894744917
ca72d78044201da27889bf454dabc7fd,c#,0.40555184
182f415049a33f3953fb4d18a3179288,c#,0.183175079
07c0099ef32b556468d8800e5a86b267,c#,0.872634139
ffa749269ce8da091189d4d3f16a81c8,c#,0.495144331
dbe351daa9854d920c0c18d006513833,c#,0.593758503
645935b3da92972a5a188abfb1ae0181,c#,0.087647169
6f3c82c6fce7f49f671226f742640475,c#,0.898714452
f33eb5a7b89431a3f840b82ac19521dc,c#,0.219054397
ea1092cf1368fbb62d6bf0beb15b73e5,c#,0.476965805
db664e634fb838b6dfc6495c27b2bad5,c#,0.371440924
9be3b4e69dd01176f370dc6aad3a310a,c#,0.073899426
b0cf2c172d769a0a00cf6e10e40d4ae6,c#,0.27326956
70a69eaf72d8cfbf196d96fde4655177,c#,0.257212072
d267912253d355cd28e6243bb365d811,c#,0.52631485
0bc3e99658120f2b245e249fe68520dd,c#,0.397152598
822672125a6d8fc9d66b16e155f2a072,c#,0.747556519
9f20af4552bc0d15c105832c2b4e5f42,c#,0.959552298
497336f9fd6b146b839b7ca275febe42,c#,0.223928061
745ba3fd8a1543fe3ee3691b794f8eb0,c#,0.249609503
7ecc903dac59aeb0dfb2b4581fa9f23a,c#,0.308704721
fb8b9802b3645fc1d92e11c8701fba3e,c#,0.257659305
54010dedab22a494e8d1bc6c941469ba,c#,0.598875973
2f7ca1f4cd5d853238b2e80379c50558,c#,0.559516771
64a356ce95c51aaf58997f4e27dbefbb,c#,0.036244617
b7cfd13d137b749b10d087315b6274c5,c#,0.904989514
db7a9d32af4d56cf08c0d277c5c19427,c#,0.89610915
0a0c7bb2f439139dc1dab9565c76ed12,c#,0.640484217
94d48206a2e0236647a390a02345b06d,c#,0.832971632
83bfd633713bc51a407590c34c0c954d,c#,0.876510579
e1b11d5c3ff18db617777b661e45ea5c,c#,0.232412744
a837d28f74c0ba119da2061f7eb30e77,c#,0.071437758
aa617cfc73e1730e7e99064be1a3f5b3,c#,0.511348603
49581029d778bb0b69af99ae0f64a891,c#,0.068170552
756d07158b26a9b564bf44095af2955d,c#,0.420756387
f8da0471912585829a1c8317d924b2db,c#,0.538410347
5e4613bd936a5200a52c0f96e4609752,c#,0.30370367
2055342bfb2a247b2789e35234a33dd0,c#,0.836480302
05303f4642a4583339a7baf3eb88d1e6,c#,0.876503929
dfff4e136f831d4c881d1bbf7ad99a7a,c#,0.669730484
831c82b1d8611a284ea7f01d2d2b1c2a,c#,0.033949862
51ae132e1313b55fbcb87b06d9746158,c#,0.611237674
f44cce26fc5c0d45c88eb6dd694041dc,c#,0.930560669
f3e9cda6f27e1fc7757fb2bb62c8957b,c#,0.309590473
10a6c462644c51ab13c91ca497021dae,c#,0.435250531
9b676924080cd99220f053e3cf39ba2b,c#,0.535968488
09796660824e90aef93d3938cef47a93,c#,0.715995141
f10d43cff406328db1bbd3c83b73490e,cpp,0.085757937
81d5a06651e85e3beef2a1abea095c83,cpp,0.383052039
01211fe57bcde12a7229d4312f4176cf,cpp,0.774213609
d9e1b4a00ac2a898fc889af0739640b3,cpp,0.613091313
dc67e92ba5a71be69e74b5601efc0790,cpp,0.719593323
c7bf32931e0b98ee1224b231ff52e35c,cpp,0.912841829
60cc2adfc06bd8fa1ddf43dc2b867300,cpp,0.188992283
5b29b3a8e3da5fc3a90e9b880a7d0aca,cpp,0.416270847
71a7ff5fec02367a1da8561efb07a486,cpp,0.136171652
37efdd6897c7486aedbea9bf023e31e8,cpp,0.951343224
0e319939d44dddfee973f2468469b12f,cpp,0.436154841
26808b5cb2c142d95b24c9067d60945d,cpp,0.21274647
045ae0eb7e912478eab950ae9df907c2,cpp,0.929024142
3acbfbb12bec1e746242f663ba8b27bd,cpp,0.149435085
614613132be22a87cbc31bacca254084,cpp,0.470978889
17e5daccc081d5bb1b6121efcecd959c,cpp,0.803964425
a2575f0761f8dfba974859a855443677,cpp,0.911637593
e8a3ac9bfacce0438b4f2ad45c62e42a,cpp,0.238036316
63763dcf08537df80342dce044b84b74,cpp,0.430835982
6cf2e6c6e86a497b3d68cd39b6811ef3,cpp,0.906037978
4dc8f72df24c4d037e0d72cbab019ab4,cpp,0.5992036
f58c7a2a2b1bc94e135b2f15d558bd71,cpp,0.372260152
5c870f1ae0453cde2e6919668e5df088,cpp,0.171922328
ed9d9108f426e49a4184903dd3c9e46a,cpp,0.802717776
78dec9d64fa9e47604793770eb345695,cpp,0.880605919
7f7d7db8baff11a89350317e501bbde3,cpp,0.487118033
8168c7c7ecd62cc3524c1bafad5f9443,cpp,0.332873979
b722b91172fd2a254311ace0177b7c59,cpp,0.685339984
d35bbe1fbf059f35eacf2d2a646a3b99,cpp,0.873664591
420e30e79620b7ebc7d59d2e48539bd6,cpp,0.854089398
a7aba83c217a5dcb353b11c6f213fd06,cpp,0.680710797
a3bfbb86d82d78d0375551d10763a209,cpp,0.203572369
4ff9fb33abf27d0c77f5570df5437dd8,cpp,0.030045224
d279a2b046b9b467fb7c0fa67ffbd1d6,cpp,0.703015358
8c6734ff8319a1af3994201eec3e4e9c,cpp,0.396049258
fe429ced2c80f9c7a51ac879d127ea85,cpp,0.680695015
8d9cc44faa6092879b84b17e42719fdb,cpp,0.206635101
30731ac3e336678977bb5b0b9f98c342,cpp,0.433937729
ba609f00fe061b3df42390aa3f22901d,cpp,0.465073332
3dda6e1cde86dbe40750a8c63221b9ce,cpp,0.285005095
e0f9d6f531adae36cdf59c9f5a493ec8,cpp,0.925869118
9d0285e6190776fa140583f863c61655,cpp,0.786557653
b108cb2328ce463ef469faea3cb49f2a,cpp,0.689734405
48b275f45815d6f607a7d3344058bf3b,cpp,0.659094541
a359a81be9fe7811df4ab4f185c616da,cpp,0.604639274
4281a6267f904e1be598294cd80060c8,cpp,0.892346783
eadadd7ea829643e05da59a4112e2820,cpp,0.025372565
03109eb78ee05f83f93db24aa109c0bb,cpp,0.45305198
9cc6835bd08671e0fccd1506e12fc9a2,cpp,0.963940742
516463935343a543bda913feb143d679,cpp,0.129440893
a0301b50dc5418b86574003c46a555ff,cpp,0.551414139
3f79b68dacc809e8aa0518a1b8cf8d89,cpp,0.815862718
6e0f6d7560fabae3786c2757ff06cdc2,cpp,0.067242556
fe8b68285639919f0f5c6eef1c49d3b3,cpp,0.020677073
4a088c1e9937e854b59ecf35fd3ac6d6,cpp,0.68948288
83b04d7ceec34264dc29fb960fd17d0b,cpp,0.838538637
6a4dddd75b0d7a976b40f46dac91db9d,cpp,0.911762034
ac0e0ff5d86649dd52bf9fa29cf9f796,cpp,0.265135688
270afb856ce446fda120707e0d913ef9,cpp,0.718903748
39712a44e5cb0de336b9c5e81b1bc036,cpp,0.412068089
4686b6dc7a472f57f438017dfd1dddeb,cpp,0.437116189
57d3dc3ed6e2050acd38921941050669,cpp,0.597329356
0eb8ce524192ba158e4918745ebf72ff,cpp,0.379893706
9557506dc7cf34177bd5530924f03229,cpp,0.739609341
b0e5bc2935802770c08ef15fef42bbf5,cpp,0.003153229
6c990c6325cfc9109d6721f9b5936761,cpp,0.984009348
52ca30551aeccbd5e3e7e437cd8666d9,cpp,0.008983672
dce07b222627a4f34c8aedd7edc5d4b1,cpp,0.320262472
54005d9f381e818a2792cf243818d93c,cpp,0.002241045
047a8bf9324dde1759baa950c8d5ed69,cpp,0.619157495
35757cb1b7d1daa87676096b97d658b8,cpp,0.069419234
28be0793d954b651a067e1e7f15fe297,cpp,0.083261494
6da3dcc35bca062b29c3639c3166721f,cpp,0.027875172
631189bc03b14e64dbe723f4f8fcdec0,cpp,0.716840477
75feb6ba384475ccf8a5ac5f7330b7c4,cpp,0.978474301
b75ee25df8daf98c561788bd890f01dd,cpp,0.915018307
68315cfbae3296ef3fc7890f0424289d,cpp,0.928318798
af9c827a5d4d382a0407e9b6dd965af7,cpp,0.364157597
93ec96ac895f61c4c2c9eba5fee1d864,cpp,0.277985822
b0337a1c423900aed990fc300b24b4f9,cpp,0.843395338
3fc269d874625ec69d66b068792f3826,cpp,0.542781279
ca499f8bd7393061f56de5214473169f,cpp,0.409161589
0e467339b5c8ee292a21b72938d78092,cpp,0.418026052
c32af77c652e9ba15f40fadda34f2f77,cpp,0.35891887
ce122c053ce4a541ec733177e1644262,cpp,0.397568409
161348199dc114aa4f41b75f785bc4a8,cpp,0.578246766
805bf96659871b6b911ebb29997ba88c,cpp,0.130308572
1509778e9bfa4bb9734b5f5490638af9,cpp,0.474663366
03928e76aab72fbc696396437449cdd5,cpp,0.219347936
4fe4e8f5bf0bbc3eb78caaaf1308bdfc,cpp,0.414550163
a340bc8d3e158f30438f448f124eee02,cpp,0.979432672
9d49a226a4f67710c3390b0e510b8983,cpp,0.632482501
a1c864dea07fa6b73283c82a0da6c771,cpp,0.535937325
4856abdfba5eeb3b8b78d39d8ea4ff10,cpp,0.593335996
04baa1e1e46cb265eda695780073730e,cpp,0.729196337
9046e05336c8ff2236ddecd5bc6fd774,cpp,0.190518236
d5d4888fb1ef862fc9d3a2f6b27ac687,cpp,0.027819052
b60e9c4e41d0f76ccb959a4f2d2266f6,cpp,0.004275254
4120365286ff0921944290f91111aa2a,cpp,0.144396586
2dfb1b7110e5e6e94466ffc0d171b25b,cpp,0.355093419
304900b1c5b0b7acda60435c53c83a4f,go,0.600944951
e07728cc4056106803c6305ea3ae4eb2,go,0.078796574
6edfa382a09e5b7c85073d3534496292,go,0.3043671
62044dd4aa1d9f3bda7c97a765a4164b,go,0.43594562
4bef7ff2520e61bd9cfb613fa8161ea5,go,0.085455593
36b055e25586bec4127842068b65b0e8,go,0.399000894
222f6cb9e61a0894ab68716199ddc5ff,go,0.794674307
fd0fec87e110c7a88003d041c5600570,go,0.539917526
1444e98b6710896b2a72bf5f9aa30bc6,go,0.312934919
3da96cb73ae8d258c70bb9e4da55f267,go,0.848576855
99d2be346b4de9349a7ad060116084f6,go,0.11636767
ffc7393d741fcfecdc1710ce549cf57b,go,0.047997147
f7c9b218d48e9129d5c5317ccec41c41,go,0.145611349
25776179a1026a4c5f8b784e3d7b5cb4,go,0.552131055
912eec0b8048d3e267069e3a3b8630d1,go,0.66968166
f040ae7a6d7f23ddd475bb31797ba612,go,0.465947295
b9962dd3003852929c682c39cd5a4659,go,0.081033977
ffcd55ef7f0b4d5f58d5847cdd0e65e7,go,0.529763859
ac556ec5ab89420577dff38c1d996ff7,go,0.762610523
9bfe7c31590ecd64fc55aea7379cf7fc,go,0.205841117
88d04a5b2fe5d9983891b7542b586de9,go,0.540036749
5784da3021774883ea6753d23a4cfd73,go,0.83471804
0c3fec275b9782b5e183edc184bdfdc0,go,0.079100715
a2b922e60d03d83fbb58d4358adaf294,go,0.113690551
11ed4348f9786ed9c863f2c7176b5f44,go,0.892436671
720e44fabcee9d0cec411093a06da7df,go,0.338676322
a785d400094f3927316669af2407ec98,go,0.568118202
1c763834c13e0a0f7bec6bea0c7b3aef,go,0.118028968
90f858f93ea160658dea22efe467f305,go,0.908345388
e97533a18d96ff9c4c6a88e75e9785b7,go,0.227029242
6da909176eb14f6b10e06aea913ffe09,go,0.962767774
cdcd970f14e4dd7cad28e42992329541,go,0.878031344
935478c5b8237b00f3587faa52712b69,go,0.741879852
ab68c62f2e62bebcc895d3ae75aed867,go,0.256415017
ee60541cae572ccfe8112e2898d689af,go,0.354326383
b3ef96331a1affc34515b49f524d3b65,go,0.2762184
4c733710277df70cff02c491e770c967,go,0.594355618
ed16561cecc4ea8df574ab48f8b0407c,go,0.344356663
89d07b2f5dd047e0f181c834eae31cf3,go,0.195000843
ae14cf89188ad49e6af349347d4653a7,go,0.985432109
1f347e340169b77394124be0f0b7b4e1,go,0.607183923
dbbe58ed4f9c97c9e55879af68c1b28a,go,0.228722476
61899e7852424649434e7bcf366cec68,go,0.792798199
c80b7751be88a90c7d758f81fcad8d9e,go,0.531498522
da2e1f36ccf876debb6112c5c2e87f83,go,0.011596801
e9a49a66c9a1f03c2433908bfd674e49,go,0.766577117
a82b1facecc61679c3f9e73dcfc28423,go,0.231293824
ab211ecd819e32d3bae600fb75e691ba,go,0.41853064
6e65b31ab7a947fd69375fdca8775267,go,0.287149852
abcd06cf239b8d6ecf069c213c38c582,go,0.161610139
8fd30eb3ba4bd115e9ff4687c882a332,go,0.069217855
861790b3016c4bace7a91e2b8fc01949,go,0.138043828
811a66484d0f8c9f8f6e536954b9dccb,go,0.136017369
2c48e8901685e13c74fed531480b4057,go,0.744650695
6411ca4ec0aaae4da625f7360a909dea,go,0.734068582
5b1c424a28b5410df67ffe5bcf4ab454,go,0.082790998
0d8f97dba8fc963e4411779dd18a2cee,go,0.43278286
e7af6f7bebe9dea957a0a4434c5d95ac,go,0.231498842
a80ec39b7a207fba42f8d049c2926d32,go,0.075435837
2490d5ef6f406d976abb7aec48ea080a,go,0.597110693
d897b5d0c41a9802e6c45db06527dfb0,go,0.270901063
1a87a85a3d143352405763b54160f85c,go,0.050820013
1909c532e5325bcaa86b72a76abcbd7c,go,0.757080713
c26b175066f86239084a33de936c7d78,go,0.957800803
91d3e3596b3b1c78743083a73caed44d,go,0.46144214
ea9064cd4662b8950bfec6217c332698,go,0.515654991
5fa34bbe721110051e5a2767d32266d1,go,0.197916759
45b812159d59645430f0a9b0a9135662,go,0.947147888
2efc384a59e75c2a9e1cc40d59a336e6,go,0.271134353
f090a7f3f3c3c635d82376435aea6bdb,go,0.287156296
a4b012d0041cf30aa13cf07c1f10bf78,go,0.149299168
0b101cbef26bf6a1f7f329311d8440fb,go,0.884816155
06f76d3e7e1b28a3828e37a743dceba6,go,0.401580529
3ef5425d3e8ebf727861ac71328c1431,go,0.88273984
a2728acecd5eedc267889d426a894ee7,go,0.064964059
ff38affc7f7b5100978b6f0d821a4573,go,0.86579573
874553770df5e282017daf32fd1d0fd1,go,0.36480604
5fae37e43aa0ef324f9d276736ac3c17,go,0.173515509
0f85c978d8e1d8e2b3f0650071284b4d,go,0.611051611
392231873e20ecfcd8cac10d0f6695ab,go,0.494128345
fd8ffffccdea72e574dc92db91e61986,go,0.795340374
2c6847829e7af4d0b41988bae992018a,go,0.915984674
b489b0da662a3ec56b98c43b70f5ba23,go,0.875579026
77f6e280385845ec12dce7742b15ea7b,go,0.778924377
afd62e6b7b37a79b9e78262b0e43c7dc,go,0.495987538
7e062049451898cfa141f54450b5337a,go,0.599752511
b44711af592ee8eeb7193b958bbfb354,go,0.837996801
ae736807e2afa9533a617d69d3396fe7,go,0.960099715
b19e285893e80291f0b16c0c837ec41e,go,0.356818988
fc1f5de63a79fe4ff0964e7b044cc024,go,0.122862385
b3d926572d75aed4b35858e2256e8622,go,0.270292816
af51c2f16e5da1fdb488c8b32871ac48,go,0.470333101
b73713268d75f76fce0078ae45d3cebb,go,0.568153633
9693f01d39e7f84d5eee7f1f0f9d958c,go,0.580634373
de8ae3f2854de6bb9ddc495f90c791fa,go,0.031760961
48f991481367537152c3425220830dfe,go,0.015487647
4b3ba736f1fc52b6cea7595dbde3eb1f,go,0.033269076
50316f4f7c206181de44a1c67fb905a1,go,0.518599634
35448e8efe3bb8e7e496692ff26d31ad,go,0.645349278
c39808bc8b296db71980062d1016f991,go,0.878178463
261ae146d351d9523e0e5300c3005666,javascript,0.744123681
75e03475a2282a4b314b49ac1c6af0ba,javascript,0.795212204
abde2984c080b9d25b2d07fdbc3bea58,javascript,0.104258544
a6fc7e64833b13f39209bff0710e9a9f,javascript,0.349151334
92131d0bba961ac6348826da073442e8,javascript,0.831141558
612fddfa4298f1cfcffc05773714e4be,javascript,0.178160881
95789ecbb52c4d0a688ad51b3f3c396a,javascript,0.30091929
20377cf8eec48f8548e7168fc8349056,javascript,0.689740826
f0cf6677b7e5f83f6d165a084bfcba0d,javascript,0.554775722
4efdea8b4a960d474f979e1abf35a367,javascript,0.775880924
76abb6908ef9bbcda54592ba12c3c720,javascript,0.974159048
a0ef5df5cb33cc873b8edce9ffe7bf9f,javascript,0.460277188
2d5119247994505928566f9ab1dfa772,javascript,0.989293453
30901d630972b97c511234952e711575,javascript,0.037217199
6f1db2169332a3fb27ee19853de95398,javascript,0.180895974
029ed51fcf9bd37430dabbb321227142,javascript,0.091852084
e062f002907d9c821cd426c83c99c7b6,javascript,0.070848099
e133d0feb95205cb0293cef5c3dc4c71,javascript,0.201373598
83d6a9fda23dd6f94de6de23c937716a,javascript,0.721171587
aabb5e77d0075c47710c482afc726b3c,javascript,0.764553389
df2fe66b73fceb3098e3dd9bfe9b1666,javascript,0.456096613
28c9e5d575aba4126aa2506fc73eee52,javascript,0.805226635
84b62cc4af3fdf2980b31616fb811b61,javascript,0.920816445
9c2444b1c355876cd7e66954162db121,javascript,0.372313191
4e652a82e83f2c26dde1ebde35f865ae,javascript,0.208775342
5223d00be78a494402623ada27c6b7ca,javascript,0.908448632
45ffbf883b12b64330f2573edb3fbcf9,javascript,0.716530355
e2107e5b79891f0e9506c77e1bcc1903,javascript,0.891198215
05942d43d2a3a0b980cd842cbc0faf5c,javascript,0.34187614
bb1ef808cb1d782a46b66ec9183faac9,javascript,0.230998824
d1567be58584f36bd69de6d65ab20b96,javascript,0.688470623
c05c876700fcb56b8e645656c9c7f7e6,javascript,0.966596224
f2a0a710a3f08448690fa774399915d6,javascript,0.913423995
bd2a06dc62f94a1557790cd50aa0d4ff,javascript,0.743530459
9cf6f7f4ab751b90fcae46449854ce55,javascript,0.965664888
019152e1e56daf74a5f00c436ca5d378,javascript,0.207245053
3e8b88757a722555ef4c0ce874c70254,javascript,0.265248761
46286da497783d94698bb4ba6f03b2f9,javascript,0.894215587
faadfd56315cfc13ee223fd524b32ada,javascript,0.129960765
2cd5e153530ff4b6215a88897ce476a3,javascript,0.293910927
873e100aa1241bf67ad5f4628b662105,javascript,0.425653677
5967d0970b17e483d7d5fe74a1e7d49e,javascript,0.072781321
a2c70730cd1251f87b34f7b53a1fb21e,javascript,0.563220607
7c35bf90aa3fe919f1843f967958d165,javascript,0.1822367
c0d449c8025bc7c6f860157c4fe0c62c,javascript,0.383530056
b2095145fe539f1cbf8b9cdd671aa00c,javascript,0.891447272
a0370b714827b46e2cc1276da47c306b,javascript,0.888394516
781bf454135edb342dfbfcbbe3f75998,javascript,0.931812256
59e0dd9307f6357ff57e84621251bcc9,javascript,0.589493503
0f2ef9d1214cf6a303138a61784b6541,javascript,0.067116189
d82fc15c7bc74e5c0e986968ccc6cedb,javascript,0.985718219
0c2fd3d2253ff32e4c1d247d0e18989d,javascript,0.600810594
326c141adef5e455aa47110caacc57d8,javascript,0.816378789
28b4c978416df3e489c23cf61f0f7ac0,javascript,0.939723145
bcb49ebcf3a08506a00be6b691d922bd,javascript,0.821858359
a5565362d213540e551af50c2001fd7e,javascript,0.612130126
a1703e6ca44b79319d504b474e92d83a,javascript,0.34330218
c77be53a4677d6ed437756d4fe74c625,javascript,0.882446844
ac5af45bcf6011bb33dcfdeeb576c5df,javascript,0.840685426
fb6eeb008ca36370002ef4a84039e212,javascript,0.183397186
cf88939b222735c98d81889aaa5433d7,javascript,0.704764526
cec1869178288ce46bfcc3f6ff3464f9,javascript,0.011066033
e01c9b5242c2f18b79b141fa374357cb,javascript,0.823699308
9351ab38e66708a3c93b9b6d575da67c,javascript,0.861957883
f995eb74b5f0e7991de2c1c1bd63085f,javascript,0.61982692
65f1ea3938af30aec26a7f25f1079d8a,javascript,0.611611348
dce5b46dbad833a21c9f48ad9ddcf2a8,javascript,0.324932939
504445d077e6a13d9b5482be2789a080,javascript,0.623681424
2371a46e23e2c22caf077c0681159c0d,javascript,0.510401481
14b57380fed96bc96539d0e74252ba45,javascript,0.650412117
2b0af350e6e78f2cd9408e01ec0d4fda,javascript,0.877175417
7a9e20361ec789aedb49d149dd005ca6,javascript,0.149938898
99c21a875d14e82f3fcbba0363ac8e6a,javascript,0.515109635
d15f9e138a0bdf2ac4dca06f1d475074,javascript,0.930021566
2e1c67b76d22fb5cdfbe4224bb3f9fa6,javascript,0.202283522
519fe6ae32e63302ac54b65241de563d,javascript,0.981040504
5a590f76529cee6deabfc9a131d6b8e3,javascript,0.327831894
7900141c3075ef34819471a80733883e,javascript,0.459466706
78f859e37481c51f1e102f78bd247245,javascript,0.29974687
d0d658a88947ccecec50405273a952f7,javascript,0.865361148
af886f48711ea1e31c26d915e9d65778,javascript,0.797513076
741c64aeab6c9f78f60c8c6ad6d6165a,javascript,0.360674493
67613564dfe1adafdd3fb90e6c10aa4b,javascript,0.741399443
6c00e9cbc234470402f32861bc9d3f43,javascript,0.088388232
4a8ea0f5f1b4ef0b090fb154a311f26a,javascript,0.839534307
bcb98e99d74d8b8c87d77ed70876ad15,javascript,0.4200485
5883b9650813caa582d013f29c1996f7,javascript,0.354440483
ea27a596d166e46e621d33218da60f3e,javascript,0.517378956
1ab4e7dc8b4a0af5ff71bb875659367c,javascript,0.70433826
3519c97a785298466416a154336bb937,javascript,0.324806904
b4f52f05fed9529339f354972cafc19d,javascript,0.237029757
77bb8e150f2917a43983935a0b4705dd,javascript,0.828311149
6fc3784b692a8dfdccf900404b813665,javascript,0.477262916
4417cada44e350100801ef4394557479,javascript,0.690554625
b32ae53622d47adb55a5752634b52920,javascript,0.119866466
bba43d88786b171af91158781004c571,javascript,0.309715716
54f0f5b81c7dc56a3a690cf2dce68270,javascript,0.768090246
2002b8e17f653660d1277690f2d64970,javascript,0.998298765
ebb2fcc6c6ccc75eacd34349b6d48e1d,javascript,0.114348299
41c7c4301256b9730c986cc878aa1fcd,javascript,0.950211284
8266c5333085a4c7ef60854587ad4cd8,rust,0.308005428
2b1506c0b1ea3193babdf53fc334c6f0,rust,0.966043226
5f3364de1fdf444b7ca91c60b930ef9f,rust,0.451093972
ad1a68585561432503028fc344f54095,rust,0.029494699
204a4e0acd4d70f197643378b312f38f,rust,0.731538082
0340b97772b638838783d3b60646ba49,rust,0.191818883
051ac8b1a2a2f74a369b6c3a28ee7703,rust,0.182835134
45a708cd618bf6f7d564b162257e8192,rust,0.501156486
53ed5ff0f91b90f1c659b894f441e1a6,rust,0.236980429
08565441dd1aca2848cd431b9df6dae3,rust,0.121233641
370927ba004067fb30ff531ab3c087f7,rust,0.878548742
99f3c47bd21a069357083c1aa2f039c7,rust,0.965136076
70c0f05b4562074ad3ac5191d4ebe2a7,rust,0.145044495
59218363201eaaf849b5234fb2a14c97,rust,0.584909305
69fafe06c69c41900160a03287c48a4e,rust,0.716603337
a1ff4293efe80a43320c7c7689834b51,rust,0.763321295
7701f7c08384205081c817eefb960181,rust,0.298293038
b0b77b3fb72b449fff7ad0f72e87b605,rust,0.126267408
f5d2544bbf2cd1a9f1950ed03634ca87,rust,0.629437339
fd554d3f2610f6a80c00b3f502133a67,rust,0.315388682
4d049758cc13522339003d3f3fd68ae2,rust,0.7125354
ac6acaf33db46e2123bd79d92d0b6f20,rust,0.774487212
a1ba1a8759a31e26b43bb2d7f7e7d8cd,rust,0.414745133
7e4c240d1262470d8934e47c05cbbdaa,rust,0.948496067
e5f81920eb35da9c6fb5ebc6308cc3ec,rust,0.912336473
1812d12f1441ab404f81cbd4d1a6ccec,rust,0.496775002
36144cda8ffa06a55cbef87e196bf9fd,rust,0.959631807
2e10c3dac271bcab5c10baa2751cd7d6,rust,0.082742043
9c1fce9750c0460ed6f52afa5c6cccc6,rust,0.696634892
811a9adf631d11c6215c1f604cd285a1,rust,0.605770106
e1cfe020605478af498e0a70acda3fef,rust,0.72876433
318744263272844407b421106cc0d333,rust,0.648929753
9214eb434a227ef3a356610419ed54e8,rust,0.367520788
ebf1b4fef95334abdeba68a6827eff28,rust,0.659273571
0c074cb01fa9405191dea9d504e2daed,rust,0.163839524
65cdb15ab8a8f699d404f8461b6396f2,rust,0.987047808
.gitkeep,rust,0.438574423
a0b4f04ad1e18e3f8fe80dd30cd339bc,rust,0.831722434
ff9bee7ff03bb4189f8107b81d9ac3dd,rust,0.305721694
05033198ccbab0826a818c073127bc8f,rust,0.691691032
3f7b533bad55a95a6c89bdb7792c21f8,rust,0.963095318
99d8ab898eca73cd803e3777d71968b0,rust,0.621268204
1e75b690c2b30bcb4125f1ac48118066,rust,0.875244126
4becae3aaedd2ce11af7d0aad72fae74,rust,0.64882634
d7404bac43493b8f2fe4959b1a86cd98,rust,0.774290412
d6af46f07dad3a889b2fbccd8903eff5,rust,0.24568694
c30ff8b6acced6e8c03af6f5f490f910,rust,0.928698807
6831aa45695f98592af698dab61c191e,rust,0.946748483
0e7655780bd14ae0d246c3a6a29fbf21,rust,0.864804489
f016cf03ba864f6f4d5e535289c7405b,rust,0.789466138
838740982c6db2c9a60546b946d30c32,rust,0.057757898
ad5c02d4345ccf8c0cc09fb760af701a,rust,0.918244789
25176484dbf78ad210e823dc7d0c3ca4,rust,0.110522698
25e52d75dc12def1853f8fffcd90e618,rust,0.364167814
2773680719520b0008f94999eca13f73,rust,0.299023492
7cee6de9215b11aecc48dd9eb62bf335,rust,0.604177323
47ed400021ad3a6b7c3cc4ea5656f870,rust,0.119018948
27d71199831936ed4309bfe6a8cb9c71,rust,0.222915193
d00985cd84548fdee353775367ec464a,rust,0.503836411
4bd9efa1c0a7ae20c5042dfc898fcc07,rust,0.866688467
d0a3e98e3901932867246fc82f24f93e,rust,0.686711843
04c926810871e7c03c1c1534969b587f,rust,0.896522293
9c2ff848cba55d5597e785782f7797dc,rust,0.185573975
2e85487d3574da217ad4671de93744d4,rust,0.84688411
46187ecf222c95a6cfc8649037b33031,rust,0.316650499
0c19980025e45f25fe9ce1b69ab398e3,rust,0.997160622
c95eda025badfcd0cca937e6d42d5ab4,rust,0.003062585
527df6f8a06968cfd1855b408ecd2583,rust,0.786045319
98e7e713a4571e348350a9f5761bcc1d,rust,0.850388779
35b0054ab1a5eac582cd5d78f3cae88a,rust,0.40351801
cc826d8e1bde2badc3391cf78268db69,rust,0.900923925
ed201a2bb26a81f36624b657d9f3a74d,rust,0.769226401
b6ca5694171f50303e965e22656afb15,rust,0.000900874
e1c5c5a649e93d6744b5b5fa0b539dde,rust,0.975120924
c46f78d2a2e2e9cd787e9b54a30043eb,rust,0.201395566
689af048ee5cb1514e14deffecb0410d,rust,0.19861018
9eb4eb85ac75c48c60bd80b243421567,rust,0.034060546
9616facc8c281d0e81b589f494901282,rust,0.304632044
6c316cda0dc1cd5ffda482769f3d9493,rust,0.209259935
8df057927cf7d18c9a6e64b746230861,rust,0.059617686
1d438b8663587e015270b56fe305c993,rust,0.734475713
c942875b2c25990dffb2f2c976d02e95,rust,0.33841475
5d0a6bf7833f32bde1d6faa51a5e0ca4,rust,0.304396675
b97573fa8a6e24e73eda8cf67d0017aa,rust,0.242927865
c4edb92af0f67a3d9a332127cfb3f9a0,rust,0.010773812
4a2475b8c72941c637328b909bbff9b7,rust,0.21987573
a5c3d26da8f820923cd9a6b43500647a,rust,0.662714401
790c5ce239224bdd68566997bf2213ad,rust,0.303393193
aad33198846821b0921c1133f45a556a,rust,0.060269177
cfb1059dc571d3b8308643d4f5fe82cf,rust,0.921664717
dc99787a4aace0c516f344b490e52ddf,rust,0.78652308
0137c33bd78208ab97dcd5c64beffd5c,rust,0.824496557
7d5a0e5684c4545ef86bf60a921ef13a,rust,0.48335967
df08c9b4306eb23a1702a5d19850c189,rust,0.363413509
9324e0db23c7514548f1c1e266efec11,rust,0.252058781
81b468f9f06761ba30e6c4569b78fa80,rust,0.024205962
fd93d43e4f3aeec41e70c52c972be24b,rust,0.013554574
942590a8ee4c773db691b7391bde3216,rust,0.812397698
70f398414bf1a2fe973120990cd554b2,rust,0.891724311
55ac3d73e9cd5d8a8487d82adbddc907,rust,0.838169684
7fdf674e35b9d3213faa1f0ac15255c4,scala,0.94553103
2cb3394c5f19e8f21cc411c212ea02ce,scala,0.293100874
7e5f283952159e7369a0960f39b1f197,scala,0.013118345
c87f99d75289afb7254e5985766ade9b,scala,0.956263997
f5acc3bd4880cd68526e7319e28ac401,scala,0.355731705
15affb536e0dc401e91db78a128dcda3,scala,0.869748919
a80b092092db8b3338da693a286f7617,scala,0.427417989
1cb2656133c91fd8b8caec1ed5d08c68,scala,0.217301487
43aed57cfe3f5582c16f30229e747be6,scala,0.676240648
86477835935a220ecd06636f70601bad,scala,0.853816551
7fe939c5288784ac611a4bd828ba5274,scala,0.73539437
7044d5ac0f93276e1219f47bd6265e66,scala,0.366582957
3c2166fcef7df905c84bf376e5359da4,scala,0.555361376
f29a1ba44f18fc08257854eda217c1ee,scala,0.039022107
63e63e62867690c21c02121d2704e070,scala,0.969061534
5cef2c84516d221ca84f399973d9295c,scala,0.65320641
c0e9b9c8df23c1771e3aa13cbb327648,scala,0.55849354
f64251167c4a396f03436cfa7abd6db0,scala,0.35186176
3b2c40203d723aceb5fa4b9024b3c0f5,scala,0.169965653
f0af82de6de3ce173e71089e5d76e6ae,scala,0.963164365
2a84180196d90329c0da51f0a76b54d0,scala,0.014050314
4ef70d4a4d68e96d257397455d2d2ff2,scala,0.834054637
e18c1931e5c5bcc6efcf26eb89fa8d88,scala,0.691312154
2cc93a39feea26fc43f0be8f54f10dda,scala,0.010239486
2355b0a45919d55372bd6bef973c2a14,scala,0.636075299
743443b22759ff5882da3b6f30ecc5c4,scala,0.165621148
64e9ddf6da1abe9a481489d51b107b6c,scala,0.877739452
0826ba46950b0477c283c351658cbff2,scala,0.17948441
a19f7cd7c276a52371ad13617500ad1f,scala,0.117748568
70d3faabc8f725f00a76a663a7b373a3,scala,0.646080717
c3fcf4cd8d86a6cf757ef750da569cdf,scala,0.628211336
b7e4402465740ef58a7ffc3c4bccc01b,scala,0.08270967
097073d2af6e25ee6d34835ebc0f2a82,scala,0.133099016
de8cb1a257fc230ace70053ec1d2dfd7,scala,0.046717608
90ebd15514e1a699454fae5c53874aae,scala,0.173351099
0ca7c45809c5d0f96a14bb01ca2a7c85,scala,0.894869399
18cd769922da0e73f7df56d047d111a0,scala,0.139106702
e6c6058ae1fd189dbedf6b90713f0862,scala,0.37705426
1d9c940f0f54658001fb91640a7b2c09,scala,0.363712104
431006b3c0ec3e2a16083a4aece2abb6,scala,0.664521144
bf95f46ac45f56176084c5336839c989,scala,0.911460762
e831e1b2b3a5a835a67c588669b1d874,scala,0.69932933
08d5cf3c190532fcc59aeb66033c3e0a,scala,0.683792523
2ad2ccae871bdd88d96d30462dc89fb2,scala,0.337907517
9a0ce916b8659b15ece240f1e7de8ecb,scala,0.29522209
2a20b7604cc8d5e176b794c3a1370f3d,scala,0.103278131
443e048f0cf48bbcc64887b17736b205,scala,0.552031575
17a1adcc52661bb993536158e2b7f560,scala,0.245024513
0302777e53350a0ccd06829b42c0b395,scala,0.868008099
d63b4a9e61d9f881aabbfd048736177f,scala,0.565308752
78b69646f09896cf2b1415b5ccd43167,scala,0.445581971
b4dd64d7f00a444d6f80a0f59f32e1a9,scala,0.903175932
ace1a0b7fae257373e38ab1ebe7521ac,scala,0.899067315
0f2d02d9453938b02cf9462a038ade7a,scala,0.658276455
1f09fdfdcfdbf565769d131c504b38e1,scala,0.085210633
3f0b94c5025f83356a45883426d4f48c,scala,0.477677199
334afc59edd7dd854b9446f1f2407b27,scala,0.095115284
1bf771e46ea5e418175281818dac5d87,scala,0.849716914
b47c401862703fd7a197397c62aca31d,scala,0.100724448
7ae605927eee40e57c3522b093883e0f,scala,0.726286243
fbe2c24487f61e66b8104fbbd8a6a798,scala,0.171014254
8fb6dcd109ba9f6c93934d35f2e67d9a,scala,0.446265148
072020ba4602eab954a4e675e2ef7742,scala,0.254909989
90bbe27a0df6ac645b3c12b321c285b6,scala,0.60968772
f2e20e25cb9460860e5351818d4ac38c,scala,0.445329254
7753a88f728ebfb33027cf2eac5812b2,scala,0.774124461
b8570c0c9a58184ef1d06968bb3e2c6b,scala,0.810864808
0f64ec2294e2dcb493b5c67e1d620099,scala,0.243940651
7b59b0421526acc283563297645ff054,scala,0.632991851
bbab1e4778f3c7f2cb5ac947bd9c98c2,scala,0.034640113
8266378f587c3cadf27e28d8c0377022,scala,0.01016458
b7576f0caf30d7f75ac3b62fb07c503c,scala,0.133948808
72217eddce67ecaa44219c52dc47105a,scala,0.767915997
225c37442e41e592fd1b353a18746abf,scala,0.344347238
6a42195b941524477479425c57567e25,scala,0.993720806
db067e8b70e8b9c858712697f1512793,scala,0.233341764
e197f538f4e695d16b599e607559ff91,scala,0.572643593
69c34047d8c323b2bc2a3dc5a3cb6f7f,scala,0.568409948
fcef61922f94bbd45d8afbde0d73dbc9,scala,0.888726278
78550c969f6e1304d6d4f6b2ef9e2c24,scala,0.682289778
c93284800afeddbee081ea60f4338711,scala,0.83000248
60764216d37ce4df1da7a82fddbe4336,scala,0.305090301
ba84a4dd736ae73bc9d7c3937409946b,scala,0.218930283
b2b023c29e27ddc3f3a694ef17e2ca4d,scala,0.32619128
cfb87b0998220b48d6506f1912c92d9c,scala,0.331687634
2ec4e8584839cac9964e0536223cfda1,scala,0.752093198
d1aa056969ca39fe13744e62cc943907,scala,0.220400047
d6a4d5e5e014714410901b2c34a686a5,scala,0.636307759
e7ad9819cba2eebf9478912d1837822c,scala,0.572584173
ad8ebed792894788a82335bedc8f28ef,scala,0.687685371
7df462927d31a1208efe528a415c4f54,scala,0.812809793
b8a6eb64dff1c7ea14a681b22f59b3bd,scala,0.492891595
7c0ebfed3d5ae75a2caecc55fa7bac46,scala,0.443733571
495f52b1493faf8a53e43e1be2c4cf0a,scala,0.38736145
adede2979535090258d57f537d066528,scala,0.988139402
baae6e5d45afff2cb0f4f8c05fac1f58,scala,0.965296271
77819a6eaff60c621350cc10891ac309,scala,0.158771672
222bc341648a8a78be13bf3306420e23,scala,0.174474772
82d9a2b00db51445c5cfccf5967274a8,scala,0.344155054
53311e7ba54a9761fed51951b5f44536,scala,0.141680219
2da5217e8ac736d47cbbaf02ceba4d5a,scala,0.605456342